1477.4706684715304    -2954.9437918205435
1477.4515155315255    -2954.921560935579
1477.4293389100876    -2954.899395055494
1477.407255989537    -2954.87732021044
1476.8315105575361    -2954.2901301916504
1477.6134678294895    -2955.047988979709
1477.3230721841917    -2954.6872972406445
1476.7358198936265    -2954.030415399579
1477.2234246979458    -2954.4171993294976
1476.8899565696995    -2953.866341855343
1476.6111978976423    -2953.5869263917225
1477.700237149364    -2954.720894264608
1477.6103167466981    -2954.1923405835555
1476.753341849813    -2953.120890105355
1477.4110305020906    -2953.9067330298417
1477.8736647030812    -2954.044330244171
1477.8850485100345    -2954.155212287573
1478.874714806077    -2955.5241746749616
1478.9279795334737    -2954.7847449961887
1478.219444056857    -2953.872980994547
1479.2930023644726    -2956.058048363162
1480.3874119233597    -2956.984253536836
1480.2514289620071    -2956.5229490460933
1480.859371546143    -2958.1347350870033
1481.2761801597453    -2958.269012577889
1480.9589894403707    -2957.875633450326
1482.133758953643    -2961.2010758469473
1483.2891754859395    -2962.4502606842466
1482.8250079593367    -2960.921908393464
1483.2225829522429    -2963.3841935576033
1484.108743150385    -2965.5270048513203
1483.9414051626072    -2964.800241021273
1484.5995780885953    -2967.3332954418483
1485.4629586048288    -2969.0322480724585
1484.8961568931454    -2967.2247386091417
1485.196740264017    -2970.409219203293
1486.230941665989    -2974.254595538558
1485.7587929403521    -2971.5805158709154
1485.6446715470634    -2972.099690698645
1486.3879067114283    -2975.5342195932762
1485.9896643630382    -2974.242821245724
1485.9574099632791    -2976.2563562515516
1486.5738385217314    -2979.4472729614326
1485.6598116973298    -2974.638853902592
1485.0833287754633    -2973.8101929112854
1485.9346118995602    -2979.3807826855063
1485.6300201938493    -2978.3099358282007
1484.9136351076186    -2976.3898456471766
1484.9924768276371    -2977.778293026742
1484.0959617041876    -2973.308978119931
1483.4494926657405    -2971.785316334545
1484.2705942213834    -2977.672730373377
1483.788974186772    -2974.96702141582
1482.4252670811438    -2968.52889093597
1482.372255275202    -2969.5766339914303
1481.984795059072    -2967.6557561631303
1481.3591251329415    -2965.1667098406365
1481.8654394251969    -2968.4474404296698
1481.2864591330085    -2964.3004593777846
1479.842957031454    -2956.4378487873755
1480.0747097286353    -2958.400702031447
1480.2317562384274    -2958.8402341158353
1479.4265707513196    -2953.4830057933627
1479.606867404485    -2953.6478571139282
1479.4534748638096    -2951.499189962949
1478.4791904416115    -2945.1570448277557
1478.972760689819    -2947.9063754078356
1479.4001012385195    -2948.5975913239554
1478.5027099398983    -2940.8316021828896
1478.7605140850976    -2941.2896982617444
1479.3784472517286    -2943.399545813659
1478.863634649758    -2938.667465035284
1479.2342013366065    -2939.746299098338
1479.8316034124148    -2940.661337792319
1479.2893163376298    -2934.589045255193
1479.9188472457088    -2937.9645810465813
1481.1401766684419    -2944.1788204263735
1480.7327309011023    -2938.4939789127056
1480.7860658818468    -2937.4562476483743
1481.759422301513    -2942.159354045513
1481.841204709129    -2940.0521862863325
1482.5783127986556    -2945.304709155962
1483.8080810829233    -2952.209342110337
1483.3337904362058    -2945.3114034680148
1483.3006032041394    -2945.5233322457675
1484.7523553480273    -2956.0759973059353
1485.2093159198116    -2957.2534801431025
1485.4755806270923    -2959.6358514802414
1486.3435806772313    -2965.6596118976413
1485.9959303011965    -2961.246397732712
1485.9793939880078    -2963.4642878773225
1487.4850384490069    -2977.6347181560823
1487.7683130807936    -2978.0807741723256
1487.3049010024054    -2975.5104850996545
1487.9087738935414    -2983.214058362772
1487.8559189335979    -2983.6061445299324
1487.58738946213    -2985.2635844183174
1488.4921854327117    -2996.193147435479
1488.3232933483691    -2994.6952778838154
1487.3393750546543    -2989.57246821303
1487.7640741133644    -2998.572666039381
1487.7475441050797    -3002.7041591655297
1486.7472862130578    -2997.7901296164796
1486.7894761855327    -3002.2870320859906
1486.4581001614324    -3003.596821981313
1485.2685803668562    -2997.1282529448436
1485.2980030279418    -3004.354567061214
1484.9154202511413    -3006.664371995914
1483.2112911589809    -2993.2940765847115
1482.818804015039    -2994.7776569247562
1482.7813562722306    -3000.7363632972865
1481.5671291415342    -2992.532461707755
1481.073588169224    -2992.473781502824
1480.5299561950349    -2991.5872884129903
1478.8922806350047    -2976.747453286741
1478.6773702881967    -2977.7426264307705
1479.095391576997    -2986.913170188628
1477.8472903002457    -2973.3890286560795
1476.9933714036724    -2964.8459982928484
1476.8866887498984    -2966.31361260012
1475.9807595245281    -2955.0869394632564
1476.0619579072265    -2956.0895516707774
1476.7292198279188    -2963.328570327489
1475.6371345021228    -2945.744929898222
1474.978046482141    -2936.432300840167
1475.7146364487544    -2943.126190857604
1475.5680475964646    -2936.853863388527
1475.63096561561    -2933.501826408646
1476.4473481628697    -2936.9542955727966
1475.9660269508258    -2923.9087304610416
1475.8465132795316    -2918.3302046790777
1477.2223137322844    -2929.9694945955243
1477.4719403279398    -2925.147174277849
1477.3865334044322    -2916.9576056773963
1478.5265669242463    -2923.3356749871455
1478.8690548348716    -2919.0662051869585
1479.026797673263    -2916.786784022829
1480.3813879620714    -2927.1309791773924
1480.751111520581    -2922.713382119377
1480.699259642643    -2916.8633810609513
1482.1927925412392    -2929.1225877408565
1483.0267343828452    -2933.661554515204
1482.8612598474188    -2928.6334601678577
1483.7736316426956    -2935.113265469929
1484.3600870887121    -2938.0869121013875
1484.4073796128753    -2936.7068154226517
1485.756533741123    -2952.1587211392425
1486.39345271538    -2958.5123907464063
1485.6142535882298    -2947.835847294469
1486.151731365146    -2956.124180220208
1487.0113006626616    -2969.109736196064
1486.8765758602337    -2970.22255922735
1487.4483163572597    -2979.8443506031485
1487.5800112440138    -2984.66933991657
1486.4314960188537    -2974.02804385729
1486.697137017925    -2984.139102769545
1487.5336375955958    -3003.8780978493983
1486.7945052677821    -2998.6822740389052
1486.4000196355787    -2997.7901370493555
1486.3339606064305    -3006.811646156626
1485.222367942338    -2998.4601228114348
1485.1047354673408    -3007.1592483330123
1485.5222909847087    -3023.3262141800687
1484.2245491818987    -3008.609810837785
1483.319287901258    -3002.907319397998
1483.426514231592    -3015.6012179387867
1482.4203204695034    -3008.6546186035084
1481.706847661768    -3006.928702638925
1481.770505855121    -3014.629834192677
1480.5736601560432    -3000.3742607205686
1479.716251898021    -2992.7656040820234
